1 0.000000 0.000000 0.000000
5001 0.000000 0.000000 0.010000
10001 0.000000 0.000000 0.010000
15001 0.000000 0.000000 0.010000
20001 0.010000 0.000000 0.020000
25001 0.000000 0.020000 0.010000
30001 0.010000 0.010000 0.020000
35001 0.010000 0.010000 0.030000
40001 0.010000 0.020000 0.030000
45001 0.020000 0.020000 0.030000
50001 0.020000 0.030000 0.040000
55001 0.020000 0.030000 0.040000
60001 0.020000 0.030000 0.050000
65001 0.020000 0.020000 0.050000
70001 0.020000 0.030000 0.070000
75001 0.030000 0.030000 0.080000
80001 0.030000 0.030000 0.080000
85001 0.030000 0.040000 0.090000
90001 0.030000 0.040000 0.100000
95001 0.040000 0.040000 0.110000
