 2 0.00000 0.00000
 3 0.00000 0.00000
 4 0.00000 0.00000
 5 0.00000 0.00000
 6 0.00000 0.00000
 7 0.00000 0.00000
 8 0.00000 0.00000
 9 0.00000 0.00000
 10 0.00000 0.00000
 11 0.00000 0.00000
 12 0.00000 0.00000
 13 0.00000 0.00000
 14 0.00000 0.00000
 15 0.00000 0.00000
 16 0.00000 0.00000
 17 0.00000 0.00000
 18 0.00000 0.00000
 19 0.00000 0.00000
 20 0.00000 0.00000
 21 0.00000 0.00000
 22 0.00000 0.00000
 23 0.00000 0.00000
 24 0.00000 0.00000
 25 0.00000 0.00000
 26 0.00000 0.00000
 27 0.00000 0.00000
 28 0.00000 0.00000
 29 0.00000 0.00000
 30 0.00000 0.00000
 31 0.00000 0.00000
 32 0.00000 0.00000
 33 0.00000 0.00000
 34 0.00000 0.00000
 35 0.00000 0.00000
 36 0.00000 0.00000
 37 0.00000 0.00000
 38 0.00000 0.00000
 39 0.00000 0.00000
 40 0.00000 0.00000
 41 0.00000 0.00000
 42 0.00000 0.00000
 43 0.00000 0.00000
 44 0.00000 0.00000
 45 0.00000 0.00000
 46 0.00000 0.00000
 47 0.00000 0.00000
 48 0.00000 0.00000
 49 0.00000 0.00000
 50 0.00000 0.00000
 51 0.00000 0.00000
 52 0.00000 0.00000
 53 0.00000 0.00000
 54 0.00000 0.00000
 55 0.00000 0.00000
 56 0.00000 0.00000
 57 0.00000 0.00000
 58 0.00000 0.00000
 59 0.00000 0.00000
 60 0.00000 0.00000
 61 0.00000 0.00000
 62 0.00000 0.00000
 63 0.01000 0.00000
 64 0.00000 0.00000
 65 0.00000 0.00000
 66 0.00000 0.00000
 67 0.00000 0.00000
 68 0.01000 0.00000
 69 0.00000 0.00000
 70 0.00000 0.00000
 71 0.00000 0.00000
 72 0.00000 0.00000
 73 0.00000 0.00000
 74 0.00000 0.00000
 75 0.00000 0.00000
 76 0.00000 0.00000
 77 0.01000 0.00000
 78 0.00000 0.00000
 79 0.00000 0.00000
 80 0.00000 0.00000
 81 0.01000 0.00000
 82 0.00000 0.00000
 83 0.00000 0.00000
 84 0.00000 0.00000
 85 0.00000 0.00000
 86 0.00000 0.00000
 87 0.01000 0.00000
 88 0.00000 0.00000
 89 0.00000 0.00000
 90 0.01000 0.00000
 91 0.00000 0.00000
 92 0.00000 0.00000
 93 0.00000 0.00000
 94 0.00000 0.00000
 95 0.01000 0.00000
 96 0.00000 0.00000
 97 0.00000 0.01000
 98 0.00000 0.00000
 99 0.00000 0.00000
 100 0.00000 0.00000
 101 0.01000 0.01000
 102 0.00000 0.01000
 103 0.00000 0.00000
 104 0.00000 0.00000
 105 0.00000 0.00000
 106 0.00000 0.00000
 107 0.01000 0.00000
 108 0.00000 0.00000
 109 0.00000 0.00000
 110 0.01000 0.00000
 111 0.00000 0.01000
 112 0.00000 0.00000
 113 0.00000 0.00000
 114 0.01000 0.00000
 115 0.01000 0.00000
 116 0.00000 0.00000
 117 0.01000 0.00000
 118 0.01000 0.00000
 119 0.00000 0.00000
 120 0.01000 0.00000
 121 0.01000 0.00000
 122 0.00000 0.00000
 123 0.01000 0.00000
 124 0.00000 0.01000
 125 0.00000 0.00000
 126 0.01000 0.00000
 127 0.01000 0.00000
 128 0.01000 0.00000
 129 0.01000 0.00000
 130 0.00000 0.01000
 131 0.00000 0.01000
 132 0.00000 0.01000
 133 0.00000 0.01000
 134 0.00000 0.00000
 135 0.01000 0.01000
 136 0.00000 0.01000
 137 0.00000 0.01000
 138 0.00000 0.01000
 139 0.01000 0.00000
 140 0.01000 0.00000
 141 0.01000 0.00000
 142 0.01000 0.01000
 143 0.00000 0.01000
 144 0.01000 0.00000
 145 0.01000 0.00000
 146 0.01000 0.00000
 147 0.01000 0.00000
 148 0.01000 0.00000
 149 0.01000 0.01000
 150 0.01000 0.00000
 151 0.01000 0.01000
 152 0.00000 0.01000
 153 0.01000 0.01000
 154 0.01000 0.00000
 155 0.01000 0.01000
 156 0.01000 0.01000
 157 0.01000 0.00000
 158 0.01000 0.01000
 159 0.01000 0.01000
 160 0.01000 0.01000
 161 0.01000 0.00000
 162 0.02000 0.00000
 163 0.02000 0.00000
 164 0.01000 0.01000
 165 0.01000 0.01000
 166 0.01000 0.01000
 167 0.02000 0.00000
 168 0.02000 0.00000
 169 0.02000 0.00000
 170 0.02000 0.01000
 171 0.01000 0.01000
 172 0.01000 0.01000
 173 0.02000 0.01000
 174 0.01000 0.01000
 175 0.02000 0.00000
 176 0.02000 0.01000
 177 0.01000 0.02000
 178 0.01000 0.01000
 179 0.02000 0.01000
 180 0.01000 0.02000
 181 0.01000 0.01000
 182 0.02000 0.01000
 183 0.01000 0.02000
 184 0.01000 0.02000
 185 0.01000 0.02000
 186 0.01000 0.01000
 187 0.02000 0.02000
 188 0.01000 0.02000
 189 0.01000 0.02000
 190 0.02000 0.01000
 191 0.02000 0.01000
 192 0.02000 0.02000
 193 0.02000 0.01000
 194 0.02000 0.01000
 195 0.02000 0.02000
 196 0.02000 0.02000
 197 0.02000 0.01000
 198 0.02000 0.02000
 199 0.02000 0.02000
 200 0.02000 0.01000
 201 0.02000 0.02000
 202 0.02000 0.02000
 203 0.02000 0.02000
 204 0.02000 0.02000
 205 0.02000 0.02000
 206 0.03000 0.02000
 207 0.02000 0.02000
 208 0.03000 0.02000
 209 0.02000 0.02000
 210 0.02000 0.02000
 211 0.03000 0.02000
 212 0.03000 0.02000
 213 0.02000 0.02000
 214 0.03000 0.02000
 215 0.03000 0.02000
 216 0.03000 0.02000
 217 0.03000 0.02000
 218 0.03000 0.03000
 219 0.02000 0.03000
 220 0.02000 0.03000
 221 0.03000 0.03000
 222 0.02000 0.03000
 223 0.03000 0.03000
 224 0.03000 0.02000
 225 0.03000 0.04000
 226 0.02000 0.03000
 227 0.03000 0.03000
 228 0.03000 0.03000
 229 0.03000 0.03000
 230 0.03000 0.04000
 231 0.02000 0.04000
 232 0.03000 0.03000
 233 0.03000 0.03000
 234 0.03000 0.03000
 235 0.03000 0.04000
 236 0.03000 0.03000
 237 0.04000 0.04000
 238 0.03000 0.03000
 239 0.04000 0.04000
 240 0.03000 0.04000
 241 0.03000 0.04000
 242 0.04000 0.03000
 243 0.04000 0.04000
 244 0.03000 0.04000
 245 0.04000 0.04000
 246 0.04000 0.04000
 247 0.04000 0.04000
 248 0.04000 0.04000
 249 0.04000 0.04000
 250 0.04000 0.04000
 251 0.04000 0.04000
 252 0.04000 0.04000
 253 0.04000 0.05000
 254 0.04000 0.05000
 255 0.04000 0.04000
 256 0.04000 0.05000
 257 0.05000 0.04000
 258 0.05000 0.05000
 259 0.04000 0.05000
 260 0.05000 0.05000
 261 0.04000 0.05000
 262 0.05000 0.05000
 263 0.04000 0.06000
 264 0.04000 0.05000
 265 0.05000 0.06000
 266 0.04000 0.06000
 267 0.04000 0.06000
 268 0.05000 0.05000
 269 0.05000 0.06000
 270 0.05000 0.06000
 271 0.04000 0.06000
 272 0.05000 0.06000
 273 0.05000 0.06000
 274 0.06000 0.06000
 275 0.05000 0.06000
 276 0.05000 0.06000
 277 0.06000 0.06000
 278 0.06000 0.06000
 279 0.05000 0.06000
 280 0.05000 0.06000
 281 0.06000 0.06000
 282 0.06000 0.07000
 283 0.05000 0.07000
 284 0.06000 0.07000
 285 0.06000 0.07000
 286 0.05000 0.08000
 287 0.06000 0.07000
 288 0.06000 0.07000
 289 0.06000 0.08000
 290 0.06000 0.07000
 291 0.07000 0.07000
 292 0.06000 0.08000
 293 0.06000 0.08000
 294 0.07000 0.08000
 295 0.06000 0.08000
 296 0.06000 0.08000
 297 0.07000 0.08000
 298 0.07000 0.08000
 299 0.07000 0.09000
 300 0.06000 0.09000
 301 0.07000 0.08000
 302 0.07000 0.09000
 303 0.07000 0.09000
 304 0.07000 0.09000
 305 0.07000 0.09000
 306 0.08000 0.09000
 307 0.07000 0.10000
 308 0.07000 0.10000
 309 0.07000 0.10000
 310 0.07000 0.09000
 311 0.08000 0.10000
 312 0.08000 0.10000
 313 0.07000 0.10000
 314 0.08000 0.10000
 315 0.08000 0.11000
 316 0.08000 0.10000
 317 0.08000 0.11000
 318 0.08000 0.11000
 319 0.08000 0.10000
 320 0.08000 0.12000
 321 0.08000 0.12000
 322 0.08000 0.11000
 323 0.09000 0.11000
 324 0.08000 0.12000
 325 0.08000 0.12000
 326 0.09000 0.12000
 327 0.08000 0.12000
 328 0.09000 0.12000
 329 0.09000 0.12000
 330 0.09000 0.12000
 331 0.09000 0.13000
 332 0.09000 0.13000
 333 0.09000 0.12000
 334 0.10000 0.12000
 335 0.10000 0.13000
 336 0.09000 0.14000
 337 0.09000 0.13000
 338 0.10000 0.14000
 339 0.09000 0.14000
 340 0.10000 0.14000
 341 0.09000 0.15000
 342 0.11000 0.14000
 343 0.10000 0.15000
 344 0.10000 0.14000
 345 0.10000 0.14000
 346 0.10000 0.15000
 347 0.11000 0.14000
 348 0.11000 0.15000
 349 0.11000 0.15000
 350 0.11000 0.15000
 351 0.11000 0.16000
 352 0.10000 0.15000
 353 0.11000 0.16000
 354 0.11000 0.17000
 355 0.11000 0.16000
 356 0.11000 0.17000
 357 0.11000 0.17000
 358 0.11000 0.17000
 359 0.12000 0.17000
 360 0.11000 0.17000
 361 0.12000 0.18000
 362 0.11000 0.18000
 363 0.12000 0.18000
 364 0.11000 0.18000
 365 0.12000 0.19000
 366 0.12000 0.19000
 367 0.11000 0.19000
 368 0.12000 0.19000
 369 0.13000 0.18000
 370 0.13000 0.19000
 371 0.13000 0.19000
 372 0.13000 0.19000
 373 0.13000 0.20000
 374 0.13000 0.20000
 375 0.13000 0.19000
 376 0.14000 0.20000
 377 0.14000 0.20000
 378 0.13000 0.20000
 379 0.14000 0.20000
 380 0.14000 0.21000
 381 0.14000 0.21000
 382 0.14000 0.22000
 383 0.14000 0.22000
 384 0.13000 0.23000
 385 0.15000 0.23000
 386 0.14000 0.23000
 387 0.14000 0.23000
 388 0.14000 0.23000
 389 0.15000 0.23000
 390 0.15000 0.23000
 391 0.15000 0.24000
 392 0.15000 0.24000
 393 0.15000 0.24000
 394 0.15000 0.24000
 395 0.16000 0.25000
 396 0.15000 0.25000
 397 0.16000 0.25000
 398 0.16000 0.25000
 399 0.15000 0.26000
 400 0.16000 0.25000
 401 0.16000 0.26000
 402 0.16000 0.26000
 403 0.17000 0.26000
 404 0.17000 0.27000
 405 0.16000 0.27000
 406 0.17000 0.27000
 407 0.17000 0.27000
 408 0.17000 0.29000
 409 0.17000 0.28000
 410 0.18000 0.29000
 411 0.18000 0.29000
 412 0.17000 0.29000
 413 0.18000 0.28000
 414 0.18000 0.30000
 415 0.18000 0.29000
 416 0.18000 0.30000
 417 0.18000 0.30000
 418 0.18000 0.31000
 419 0.18000 0.30000
 420 0.20000 0.31000
 421 0.18000 0.32000
 422 0.19000 0.32000
 423 0.18000 0.32000
 424 0.19000 0.33000
 425 0.20000 0.34000
 426 0.19000 0.34000
 427 0.20000 0.34000
 428 0.19000 0.33000
 429 0.20000 0.34000
 430 0.20000 0.34000
 431 0.20000 0.35000
 432 0.20000 0.35000
 433 0.20000 0.36000
 434 0.21000 0.36000
 435 0.20000 0.36000
 436 0.21000 0.37000
 437 0.21000 0.37000
 438 0.21000 0.37000
 439 0.22000 0.37000
 440 0.23000 0.38000
 441 0.22000 0.38000
 442 0.21000 0.38000
 443 0.22000 0.38000
 444 0.22000 0.38000
 445 0.22000 0.39000
 446 0.22000 0.40000
 447 0.23000 0.40000
 448 0.22000 0.42000
 449 0.23000 0.40000
 450 0.23000 0.42000
 451 0.23000 0.40000
 452 0.23000 0.41000
 453 0.23000 0.41000
 454 0.24000 0.41000
 455 0.23000 0.43000
 456 0.25000 0.42000
 457 0.24000 0.44000
 458 0.23000 0.43000
 459 0.24000 0.43000
 460 0.25000 0.44000
 461 0.24000 0.43000
 462 0.25000 0.43000
 463 0.25000 0.44000
 464 0.24000 0.45000
 465 0.25000 0.45000
 466 0.25000 0.46000
 467 0.25000 0.46000
 468 0.25000 0.47000
 469 0.25000 0.47000
 470 0.25000 0.47000
 471 0.26000 0.47000
 472 0.26000 0.48000
 473 0.26000 0.49000
 474 0.26000 0.48000
 475 0.27000 0.49000
 476 0.26000 0.49000
 477 0.27000 0.49000
 478 0.27000 0.51000
 479 0.27000 0.51000
 480 0.27000 0.52000
 481 0.29000 0.54000
 482 0.28000 0.54000
 483 0.29000 0.54000
 484 0.28000 0.53000
 485 0.28000 0.54000
 486 0.30000 0.53000
 487 0.29000 0.54000
 488 0.29000 0.56000
 489 0.29000 0.56000
 490 0.29000 0.56000
 491 0.30000 0.55000
 492 0.30000 0.55000
 493 0.30000 0.57000
 494 0.31000 0.57000
 495 0.30000 0.57000
 496 0.30000 0.58000
 497 0.30000 0.58000
 498 0.31000 0.59000
 499 0.31000 0.80000
