0 0.000000 0.000000 0.000000
5000 0.000000 0.000000 0.000000
10000 0.000000 0.000000 0.020000
15000 0.000000 0.000000 0.020000
20000 0.000000 0.000000 0.040000
25000 0.000000 0.000000 0.050000
30000 0.000000 0.000000 0.070000
35000 0.000000 0.000000 0.090000
40000 0.000000 0.000000 0.110000
45000 0.000000 0.000000 0.140000
50000 0.000000 0.000000 0.150000
55000 0.000000 0.000000 0.180000
60000 0.000000 0.000000 0.210000
65000 0.000000 0.000000 0.240000
70000 0.000000 0.000000 0.260000
75000 0.000000 0.010000 0.290000
80000 0.000000 0.000000 0.330000
85000 0.000000 0.000000 0.370000
90000 0.000000 0.000000 0.400000
95000 0.000000 0.000000 0.450000
